1272.8305024739584
929.5096897135417
697.8796571614583
596.5365873046875
527.6304911458334
489.86173430989584
469.10571588541666
455.52219557291664
445.41362369791665
437.2548421875
430.25400481770833
424.0851619791667
419.36546692708333
415.10304615885417
410.7115466145833
407.3030791015625
403.8606329427083
400.9062799479167
397.4225382161458
394.81507962239584
392.1160458984375
389.2609502604167
386.535537890625
384.19153902994793
381.58246471354164
378.98173828125
377.14003277994794
375.01499609375
373.18937490234373
371.3145095052083
369.9646375
368.3901655598958
366.79828313802085
365.2670386067708
363.83088802083336
361.85562327473957
360.1517961263021
358.72741695963543
356.78327428385415
355.7869786783854
354.3219027994792
353.2905175455729
352.34662760416666
350.8484529296875
349.8249025716146
348.39081842447916
347.77009619140625
346.37405771484373
345.264040625
344.50861497395834
343.61429124348956
342.3151253580729
341.62434560546876
340.6002769205729
339.65563802083335
339.1482143554687
338.07303662109376
337.4835885091146
336.43294397786457
335.669036328125
335.4144697265625
334.291102734375
333.93673333333334
333.08448935546875
332.4229659179687
331.98339130859375
331.3250208333333
330.8259787109375
330.2432589518229
329.9104427734375
329.2459903971354
328.5988913411458
328.27307552083334
327.42140569661456
327.20128232421877
326.717396484375
326.25244482421874
325.4010669921875
325.47775432942706
324.82602099609375
324.49916529947916
324.1362898763021
323.33889192708335
323.1791367513021
322.8110041015625
322.25423001302084
321.80052571614584
321.3557008463542
320.9946530924479
320.71796165364583
319.72252347005207
319.53021321614585
319.2799855794271
318.8893489908854
318.4334638346354
317.9332198242187
317.25203645833335
316.7171513671875
316.6342304361979
316.20404892578125
315.6480858723958
315.4010412109375
314.970002734375
314.55460052083333
313.91855950520835
313.5882901692708
313.41711220703127
313.0677411132813
312.57756419270834
312.50501516927085
311.7725404622396
311.54052138671875
311.0806582356771
311.2188237955729
310.9619080078125
310.4171125
310.2958966796875
310.0985887044271
309.90390771484374
309.5932757486979
309.3308837239583
309.0994610677083
309.11500830078126
308.7984104166667
308.5102458984375
308.4741539388021
308.18163743489583
308.0552973632812
308.0395353515625
307.7535973307292
307.559155859375
307.34935445963544
307.26126575520834
306.9788287434896
306.7288275065104
306.7160292643229
306.4932618815104
306.4453429361979
306.3071750325521
306.10546038411456
305.9768745768229
305.8558969075521
305.76911455078124
305.6562724283854
305.4151964518229
305.20879108072916
305.2347349609375
304.96357861328124
304.87757158203124
304.71544169921873
304.3904442708333
304.42121565755207
304.34627353515623
304.07293102213544
304.08957578125
304.0197498372396
303.7211102213542
303.5062616536458
303.4118041666667
303.4805341471354
303.146440234375
303.021926171875
302.97397236328123
303.0012382486979
302.7034615559896
302.5515703450521
302.3851862304688
302.29365865885416
302.2116741210937
302.0148431966146
301.925151953125
301.7248827799479
301.64856324869794
301.4582274414062
300.9551772786458
301.3332182942708
300.94631009114585
300.82402265625
300.54571422526044
300.6163004231771
300.35126578776044
300.17323509114584
300.07621100260417
299.85898948567706
299.5917345052083
299.6628879882812
299.3860994466146
299.14751598307294
299.1167065104167
298.90700221354166
298.925882421875
298.81253157552084
298.77644951171874
298.41129925130207
298.54169322916664
298.4215645507812
298.18833515625
298.0431081054688
297.8739080403646
298.0303147460937
297.9013037109375
297.85451376953125
297.49832493489583
297.3949050455729
297.5226128255208
297.2863362630208
297.1690528645833
297.14995703125
297.37567177734377
296.9766052408854
296.9764907552083
296.84705419921875
296.62313167317706
296.6121123046875
296.57680423177084
296.4573788736979
296.25005283203126
296.23352197265626
296.19639596354165
296.26760631510416
295.92566673177083
296.0316444335937
295.8131046875
295.64194915364584
295.6404412109375
295.47626282552085
295.47472122395834
295.49239303385417
295.4232681640625
295.20772838541666
295.248476171875
294.8934547200521
294.95703059895834
294.96184326171874
294.85357721354166
294.8278352864583
294.72642366536456
294.4924682617187
294.5412962565104
294.5081940104167
294.43982083333333
294.26191494140625
294.06320856119794
294.03432057291667
294.05442047526043
293.9144462565104
293.7246307291667
293.8111742513021
293.5605880859375
293.68094954427085
293.3865541341146
293.4646488606771
293.30345703125
293.2319552734375
293.08737158203127
292.99923538411457
292.87879599609374
292.78151695963544
292.86002200520835
292.9037113932292
292.6899918294271
292.49770299479167
292.3110686848958
292.17992981770834
292.387155859375
292.20536126302085
292.13348307291665
292.19670283203124
291.9105112304687
292.0511482421875
291.81871005859375
291.6674315755208
291.6394583984375
291.5125943033854
291.5091796875
291.42185465494794
291.4518662109375
291.05232705078123
291.4028433919271
291.19822666015625
291.1590216796875
291.03406927083336
291.1176705403646
290.91593310546875
290.91740856119793
290.7501491210937
290.57046653645835
290.7220851236979
290.47274147135414
290.709261328125
290.58371015625
290.41124498697917
290.30024309895833
290.2666061197917
290.15938212890626
