745.3849638671875
450.09086529947916
390.6307467447917
357.9571503580729
336.78708157552086
322.57680670572915
312.23691416015623
303.9100794921875
297.08381708984376
291.4356240234375
286.7635961263021
282.6044591471354
279.0782835611979
276.0618708984375
273.27481569010416
270.79343255208335
268.61456608072916
266.582291015625
264.8489183919271
263.2147997721354
261.7248219075521
260.3591223307292
259.05171689453124
257.9949016927083
256.88544153645836
256.02377509765626
254.99997763671874
254.15988837890626
253.39639651692707
252.6047560221354
251.86558642578126
251.14466002604166
250.5780394205729
249.98907197265626
249.35313736979165
248.645523828125
248.1685349283854
247.66438821614582
247.21904733072915
246.62848229166667
246.1393416015625
245.64969137369792
245.30708421223957
244.8549037109375
244.57894762369793
244.1119870768229
243.7383640625
243.4106931315104
243.04511617838543
242.71260504557293
242.390902734375
241.9926840169271
241.75571015625
241.44472757161458
241.16131676432292
240.82919599609374
240.6294555013021
240.18115218098959
240.09615719401043
239.85283232421875
239.4816548828125
239.23912565104166
238.99034046223957
238.8239564453125
238.59850677083332
238.39583515625
238.04135335286458
237.9628726236979
237.60287503255208
237.4916458658854
237.24080924479168
237.02301412760417
236.93440540364583
236.69876536458332
236.48483291015626
236.21639264322917
236.0576388346354
235.8506646484375
235.71306800130208
235.51352958984376
235.41974720052085
235.16636315104168
235.0678554361979
234.8754560546875
234.63917568359375
234.52563821614584
234.29639658203126
234.20549986979168
234.0467019856771
233.8845140625
233.8115617513021
233.5816329589844
233.4947318684896
233.29292482096355
233.18079770507813
233.0382078125
232.9020169596354
232.74578154296876
232.589195703125
232.5245779296875
232.38736731770834
232.34129886067709
232.26361722005208
231.93888828125
231.88068268229168
231.796668359375
231.68618876953124
231.54488780924478
231.5359282877604
231.25547197265624
231.14312923177084
231.09171572265626
230.9107111328125
230.8485461263021
230.84576875
230.60333795572916
230.528507421875
230.39311516927083
230.35697265625
230.14007369791668
230.1948791341146
230.10748981119792
229.9236790690104
229.90548505859374
229.7223210611979
229.68025302734375
229.5308974934896
229.41908515625
229.3589732421875
229.271589453125
229.19690869140624
229.10033154296875
228.89322067057293
228.87370602213542
228.97356357421876
228.72063876953126
228.57574443359374
228.5710294596354
228.52084928385418
228.2340333658854
228.28146442057292
228.16242545572916
228.10058014322917
228.02381110026042
227.92473580729165
227.87524267578124
227.73921829427084
227.75755045572916
227.58789962565103
227.59740999348958
227.41370397135415
227.3335275390625
227.2939717610677
227.2469482421875
227.10242392578124
227.135762109375
227.02430244140626
226.83858263346355
226.91293377278646
226.71393313802082
226.75097014973957
226.54699567057293
226.6039491048177
226.46515110677083
226.485771875
226.36497789713542
226.34652679036458
226.22920042317708
226.06476276041667
226.07224993489584
225.95137174479166
225.927512890625
225.8833581217448
225.7836095377604
225.75303932291666
225.6371711263021
225.63509134114582
225.55587591145834
225.39077392578125
225.42057669270832
225.29533235677084
225.3631369466146
225.15156826171875
225.1146904296875
225.0679998046875
225.01735338541667
225.00510670572916
224.85042565104166
224.87381305338542
224.88158121744792
224.78667119140624
224.7605244140625
224.62953764648438
224.57578251953126
224.54866682942708
224.45215126953124
224.45555888671876
224.37811474609376
224.28119733072916
224.18223639322918
224.15313391927083
224.11169710286458
224.08254195963542
224.0509263183594
224.02442104492187
223.88239733072916
223.79001897786458
223.83946432291665
223.7835205078125
223.60040888671875
223.60077233072917
223.59006424153645
223.62904695638022
223.44549459635417
223.3927177734375
223.31920810546876
223.37609252929687
223.30080888671876
223.25475405273437
223.21856809895834
223.18067744140626
223.11006005859375
222.99601791992188
223.07474453125
222.9674537109375
222.8799162109375
222.80995971679687
222.88994663085938
222.79133658854167
222.73831100260418
222.73577132161458
222.70128920898438
222.6515779296875
222.66908694661458
222.54618779296874
222.4495087890625
222.38309978841147
222.36844184570313
222.3303030924479
222.216260546875
222.18651127929687
222.30166419270833
222.21429173177083
222.15835315755209
222.05129866536458
222.03586936848959
221.99431178385416
222.0150267578125
221.9504556640625
221.89627268880207
221.85823209635416
221.79841966145833
221.68604752604168
221.71755364583333
