888.0760754394531
526.3058758544922
415.0315581258138
380.46799845377603
359.6488122049968
347.19328847249346
339.8970207214355
333.6688084411621
329.0700680033366
325.43283213297525
321.5213618469238
316.6526934305827
313.15381037394206
310.46742884318036
306.9464706420898
306.0476928710938
303.55191177368164
300.99660451253254
300.73957295735676
298.5514737955729
296.78868830362956
294.8149978129069
293.47076146443686
291.93476633707684
290.9080757141113
290.2398969523112
288.3092096455892
287.48624791463214
285.54666173299154
284.0860518391927
283.1279651896159
281.5536598205566
280.28957102457684
280.34726908365883
278.6917734781901
278.2283189900716
277.51987096150714
276.8859360249837
276.11912694295245
275.7075416056315
275.0326333618164
274.6670981343587
274.03808822631834
273.92890853881835
273.49270233154294
272.73625381469725
271.87567886352537
271.6840808105469
270.8469685872396
270.98595891316734
270.36921254475914
270.0740953063965
269.7960649617513
269.13937911987307
268.77028208414714
268.3333030700684
267.7954108683268
268.10991897583006
267.5748344930013
267.003720703125
266.7813827006022
266.1988846842448
265.61931752522787
265.6225494893392
265.164361521403
265.42303817749024
265.3622799682617
264.959361114502
264.8501964823405
264.1573329671224
263.6310535176595
264.5757312011719
263.2331522623698
263.1773521931966
263.0440697733561
263.08210154215493
263.1628562927246
262.42175516764325
261.9884329223633
261.7568704223633
261.96520228068033
261.4398597208659
261.1997413635254
260.72633997599286
260.9052666727702
260.6125776163737
260.1384760030111
259.9815466308594
259.43261998494467
259.55898834228515
259.60477864583333
259.1793557739258
258.9120514424642
258.7723727416992
258.1057318115234
258.14452723185224
258.11933176676433
258.356052347819
257.54412857055667
258.83875310262044
257.68335759480794
257.67762018839517
257.3117182922363
257.16974431355794
257.6560557556152
256.9130912780762
256.3644559224447
256.5857885742187
256.1349149068197
255.88921223958334
256.4080855814616
256.316148630778
255.57395746866862
256.0775438944499
255.72590916951498
256.16747111002604
255.9648565673828
254.72853556315104
254.2797519938151
255.3397603861491
254.87264714558918
254.8443355814616
254.4921705118815
254.45574315388998
254.38745290120443
254.25217885335286
253.86091451009113
254.31706242879233
254.0371832784017
253.42126775105794
253.77880818684895
253.23164072672526
253.1258218383789
253.30257369995118
252.83641118367512
252.08424992879233
253.1082595316569
252.82973068237305
252.9049892171224
252.87627904256186
252.24929870605467
252.07800501505534
252.08416915893554
252.13181106567382
251.19767837524415
251.81121236165365
252.08425003051758
250.88272883097332
251.89714106241863
250.5465638224284
251.8424078877767
251.21521443684895
250.70400772094726
251.39618275960285
250.63689219156902
250.63410868326824
249.9155075073242
250.90243377685547
249.88471094767252
250.12648127237955
249.66954152425131
250.07779993693035
250.14645665486654
248.90335042317707
249.29183614095052
250.14712310791015
248.76900009155273
249.20428248087566
248.78681833902994
248.79723286946614
249.009350789388
249.3712068684896
248.37471806844076
248.10483322143554
248.84633651733398
248.23622126261392
248.465744527181
247.72750813802082
248.13669509887694
248.194128519694
247.73696599324543
248.068310546875
247.66179682413738
248.6433388264974
247.2080554707845
246.46075256347658
247.5992492167155
247.4098505147298
247.0325752766927
246.69880996704103
247.9167500813802
246.088835550944
247.40837443033854
247.25864751180012
246.45492986043294
246.3595367940267
246.74481216430664
246.77214131673176
245.5278468322754
246.57002166748046
245.88548294067382
245.63046666463217
245.3061851501465
245.47635172526043
245.91773035685222
245.65399439493814
246.10599517822266
245.3509375
245.48444208780924
245.8533257039388
244.57116755167644
244.6872017923991
244.73521764119465
244.95446935017904
245.2654643758138
244.92608713785808
244.85451487223307
244.40743967692057
244.96252248128255
245.54172882080078
244.84198567708333
245.23708501180013
243.37404032389324
243.9123088582357
243.93852803548177
244.41305938720703
243.61354298909507
245.2049465942383
243.61698181152343
244.51972513834636
243.59731206258138
243.73975311279298
243.03933110555013
244.07484034220377
244.18762049357096
243.4259233601888
242.6400446065267
243.1250963338216
242.8541448465983
242.12499038696288
243.07325571695964
242.5656098429362
242.49362141927082
242.89071807861328
242.8255258178711
242.42278889973957
242.11592631022134
243.97208033243814
242.46717620849608
242.2912946065267
242.27341328938803
242.45453699747722
241.8336996459961
242.28574345906574
241.7073296101888
241.74200810750327
242.4762136332194
240.8344523111979
241.0889427693685
241.85057591756186
242.02816263834634
242.52171839396158
240.60139221191406
241.3012427775065
241.61119944254557
241.6356805419922
241.2631160481771
240.66685384114584
241.48179977416993
240.97469991048177
241.3375174967448
240.00782440185546
239.6713350423177
240.97154235839844
240.40687947591147
239.68684870402018
240.27560165405274
242.24960123697917
240.59973958333333
240.7010825093587
239.6445842997233
240.53815180460612
239.3566691080729
240.08582626342775
239.75326756795246
239.7525674947103
240.11167119344074
239.10830388387043
239.270576171875
240.9880529785156
239.3502793375651
239.8303778076172
239.4515237935384
239.2854876200358
239.2921678161621
240.08551503499348
239.98032374064127
238.53172124226887
239.46483088175455
239.01898534138996
