890.448557434082
522.7249776204427
412.60308959960935
375.42441731770833
355.27326095581054
341.89220189412436
333.2939074198405
326.36391372680663
321.569030456543
317.17555369059244
314.4672617594401
311.1397345987956
308.5997459411621
306.85909057617187
304.372791595459
303.3959195963542
301.28860931396486
299.8707374064128
298.8671648152669
297.4591188049316
295.93004908243813
294.039293162028
292.91374704996747
291.32588490804034
290.0552057393392
288.0011814880371
286.12070017496745
285.15145818074546
284.22315373738604
282.90745112101234
281.67123458862307
281.4749803161621
279.8534531656901
279.745834757487
277.99611796061197
277.51158009847006
276.4024447631836
275.8230842590332
274.8506444295247
274.31787887573245
273.7960391743978
272.82446680704754
272.4743547058105
271.6841043599447
271.64637201944987
271.2996706136068
270.63962443033853
269.7712972513835
269.6610315958659
269.3543526204427
268.9814266459147
268.5173858133952
268.38758361816406
268.2288251749674
267.4335176086426
267.74183044433596
267.13952799479165
267.13735885620116
266.87734919230144
265.7926513671875
265.677241007487
265.6797087097168
265.0805681355794
265.02977849324543
264.40722595214845
264.18254811604817
264.8695693969727
264.3736232503255
264.1769431559245
263.9052049763997
263.4640388997396
263.88202245076496
262.7959506225586
262.1969432067871
262.1172541300456
261.6365741475423
261.29334869384763
260.94943201700846
260.1884023539225
260.120807240804
260.65402150472005
259.6005628458659
259.92910395304364
259.53221516927084
260.2103312174479
259.63666315714516
258.89210489908857
259.41254964192706
258.5509044392904
258.5694897460937
259.01556416829425
259.10206044514973
257.7507862854004
258.07212061564127
258.2750639851888
257.22431360880535
258.0086720784505
257.5515543619792
257.526716410319
257.1866356404622
257.53255630493163
257.18180419921873
257.1071808878581
256.5971614074707
256.86207692464194
256.4064590962728
255.64010142008465
256.90462778727215
255.59055297851563
256.1322600809733
256.10078821818036
255.73594111124675
255.4705558268229
255.57319132486978
254.56948053995768
255.2271124267578
254.92436579386393
255.2677901204427
253.85453180948892
254.61148544311524
254.5727498881022
254.3562065633138
254.2450453186035
253.6694255065918
253.71177795410156
253.3694489034017
254.10504455566405
253.4049226888021
253.58492197672527
253.44424001057942
253.45854741414388
252.82982279459637
252.50209681193033
253.54930287679036
253.0932601928711
252.05767288208008
252.9063521830241
252.91155980428059
252.70725865681968
252.5259933980306
251.47179804484048
252.43236180623373
252.5002911376953
251.78115122477215
251.3472661336263
251.84965337117512
251.2851271057129
251.48345815022788
251.21259267171223
251.68574986775715
251.16795786539714
250.87713012695312
250.2792014058431
250.41614471435548
250.6735056559245
250.38072153727214
250.95920791625977
250.0838945007324
250.14006520589191
250.09963887532552
249.58004135131836
249.532961324056
249.70859664916992
249.6380813598633
249.73076268513998
249.72918635050456
248.59099960327148
249.06280441284179
248.7068392944336
248.66333450317381
248.80734603881837
248.5445418294271
248.1312855529785
248.15929575602215
249.7931982421875
248.4932880147298
248.4505024210612
247.75715733846027
248.8548903910319
248.12050364176432
247.58272247314454
248.14255864461262
247.1494280497233
247.91050776163738
246.92298487345377
247.55164927164714
247.05633560180664
247.6712021891276
247.17502614339193
247.12445673624674
247.2306280517578
246.24098337809244
247.33990946451823
247.47100758870442
245.46989166259766
246.13913208007813
246.84052444458007
246.50453186035156
245.84425979614258
246.28959925333658
246.70314849853514
246.21151596069336
245.16392384847006
245.38533116658527
246.04250289916993
245.25996134440103
248.06283650716145
244.7247378540039
245.0730554707845
245.31383611043293
244.9031188964844
245.44561930338543
244.70332611083984
244.83306549072265
245.8334215291341
245.0120122273763
245.15088272094727
244.07324539184572
244.31084447224936
244.61200688680012
245.0972048441569
244.30980311075845
244.0597401936849
243.67183715820312
244.6560019938151
243.84581695556642
243.594008992513
245.32841257731118
243.35917617797853
242.8359201558431
244.96146911621094
243.21857106526693
243.01053949991862
243.0798159790039
242.87378392537434
243.39078008015952
242.64533330281574
243.22032002766926
243.06848515828452
242.2108005777995
243.27379058837892
242.64866271972656
241.39300994873048
242.63586822509765
242.77774998982747
243.16741856892904
241.8053404744466
242.49325998942058
242.08746175130207
241.81442118326822
242.09555409749348
241.57779561360678
241.7476003519694
241.31869710286458
242.06377192179363
241.56607894897462
242.38197748819988
241.60118026733397
240.73468643188477
242.43006469726564
241.36966395060222
241.51604782104494
241.44208658854166
241.05905954996746
241.53536259969076
240.49313934326173
240.82891596476236
240.8338751220703
241.10554962158204
