969.3305525390625
519.2572152994792
434.97809524739586
408.90198893229166
395.19635279947914
384.81519713541667
376.64447591145836
370.2609666341146
364.5521066080729
360.32367330729164
355.88579928385417
351.38957659505206
347.6787564453125
343.25076201171873
337.5541346354167
333.00201829427084
329.26975677083334
325.9798790690104
323.40470244140624
321.1074046549479
318.8131923828125
317.11542076822917
315.1479371744792
313.96069153645834
312.44308544921876
310.72956477864585
309.8094774414063
308.45901640625
306.94623444010415
306.18333138020836
305.2406828450521
304.0818817057292
303.4782551106771
302.6389992513021
301.88913658854165
301.2645810872396
300.54303483072914
300.19955625
299.531712890625
299.2249066731771
298.53355152994794
298.50830908203125
297.9009413411458
297.46497506510417
297.1331599609375
296.2085124674479
295.91564091796874
295.43795458984374
294.9745644205729
294.6959886067708
294.53900478515624
294.12161429036456
293.9046226888021
293.712026953125
293.1906970703125
293.4312335611979
292.6448296549479
292.58575927734375
292.2632723958333
292.0354932617187
292.1170447591146
291.6307905273438
291.5524921875
291.1408755533854
291.18609811197916
290.851862109375
290.6594355143229
290.67657513020833
290.2551193359375
290.35478414713543
289.8879564453125
290.0035976888021
289.7982070963542
289.29845091145836
289.53072822265625
289.3126538085937
288.95866572265624
288.88898583984377
288.9574655598958
288.7775567057292
288.7381078125
288.63023369140626
288.16920768229164
288.2093885091146
288.2856419596354
288.08910592447916
287.9242767252604
287.65095390625
287.7088912434896
287.4146143229167
287.08207555338544
287.2014708984375
286.871574609375
286.78215615234376
286.8620521484375
286.60439016927086
286.5534912434896
286.16309794921875
286.23655455729164
286.07392877604167
285.8698159830729
286.18095162760414
286.05490647786456
285.6563098307292
285.3362056640625
285.2465123372396
285.53340432942707
284.90760416666666
285.1086133789062
284.9765759440104
284.86685003255207
284.779296875
284.5064420572917
284.79605592447916
284.6492797526042
283.96312490234374
284.525584765625
284.31577067057293
284.17597294921876
283.7737911783854
283.8830630533854
283.79720999348956
283.9373867513021
283.61743291015625
283.4109056640625
283.2389091471354
283.21181927083336
283.1908696289062
283.1466721354167
283.03910390625
282.8691136393229
282.67625673828127
282.5486942057292
282.2476956705729
282.34723815104167
282.2335509765625
282.26092141927086
281.6748153645833
282.06281875
282.0299103190104
281.69459596354164
281.5909582356771
281.70736946614585
281.4834267578125
281.2859307291667
281.2553302408854
280.9681048828125
280.96356015625
280.9177285481771
281.1765846028646
280.7501002278646
280.49073255208333
280.9153676757812
280.44302568359376
280.5639779296875
280.48449303385416
280.10564986979165
280.0271455078125
279.94056162109376
280.1600749348958
279.5481310221354
279.85738515625
279.47931617838543
279.9007563476562
279.5111972005208
279.26236067708334
279.2506301757812
278.9887173828125
279.10932861328126
278.967051171875
278.6705982747396
278.738298046875
278.8109078125
278.2394226888021
278.099569140625
278.5257168294271
278.1680411783854
277.85850126953125
278.17840498046877
277.84545130208335
277.9962716471354
277.56880823567707
277.5022118489583
277.60693203125
277.17261419270835
277.6178967122396
276.946520703125
277.3059968098958
277.2562187825521
276.7695953125
277.0964159830729
276.6544601888021
277.05650240885416
276.8610857421875
276.59488460286457
276.6021981119792
276.23663486328127
276.4036861328125
276.0470413411458
276.1082272786458
276.2977736979167
275.989464453125
275.68280358072917
275.46971565755206
275.7446142252604
275.42469915364586
275.265502734375
275.08002425130206
275.35710436197917
275.0371494140625
274.95668372395835
274.8906658854167
274.8025994466146
274.91973072916664
274.76161510416665
274.2981477539063
274.46866858723956
274.48288580729167
274.47660673828125
274.28758645833335
273.86929423828127
273.72847102864586
273.9975442057292
273.696408984375
273.6567978515625
273.64292565104165
273.64062311197915
273.5241854817708
273.5836077799479
273.63097467447915
273.48576041666666
272.847972265625
273.18209892578125
272.88031005859375
273.17071201171876
272.97287135416667
272.9610301106771
272.86556276041665
272.40421276041667
272.853825390625
272.70953072916666
272.4949069986979
272.44709423828124
272.1712599609375
272.33996865234377
272.2479350585937
272.1759747721354
271.99254417317707
272.199219921875
271.89530315755206
271.6971895507813
271.70552727864583
272.04939466145834
271.69720533854166
271.58335579427086
271.6935396484375
271.635219921875
271.0361619140625
271.55658291015624
271.196759765625
270.8728971354167
271.2902501627604
270.8970217447917
270.6337991861979
271.1111962565104
270.6659351888021
270.5618685546875
270.52241516927086
270.5110775065104
270.24748955078127
270.4131094075521
270.12618326822917
270.15430758463543
270.09201627604165
269.95654280598956
269.6815957356771
270.0927255859375
270.0227633138021
269.81593238932294
269.61615361328126
269.6786466471354
269.5462979166667
269.2301719401042
269.18191419270835
269.9095332356771
269.1791955729167
269.02131090494794
269.33529674479166
268.63138919270835
269.14096630859376
269.00600784505207
269.20632317708333
269.1082408528646
268.9055795572917
268.4496785481771
