443.43964248046876
296.3518088216146
274.55405872395835
263.566134375
256.4117880533854
251.3469555013021
248.01093079427082
245.27028499348958
243.30410983072917
241.17628505859375
239.63726998697916
238.09300481770833
236.90393971354166
235.81136904296875
234.52070615234376
233.77928603515625
232.94975810546876
232.1943042643229
231.40769814453125
230.79458219401042
229.98348968098958
229.290026171875
229.11867047526042
228.33531848958333
227.77172591145833
227.55758177083334
227.05389713541666
226.5526546875
226.3251408203125
225.9438984375
225.59192180989584
225.1931479329427
225.03665126953126
224.85829697265626
224.43016009114584
224.37831092122397
223.96856526692707
223.82055081380207
223.3453272298177
223.15075755208332
223.06268483072915
222.8648828125
222.62295221354168
222.38058512369793
222.20154625651043
222.12614677734376
221.89779138997395
221.83172317708335
221.34096263020834
221.55144140625
221.64718341471354
221.10420485026043
220.95229485677083
220.79682115885416
220.4898896158854
220.39328880208333
220.4532375
220.11850747070312
220.13889329427084
219.73571373697916
219.5618333984375
219.55020364583334
219.45695426432292
219.7216818359375
219.19055900065104
219.10296036783853
219.00943935546874
219.01902739257812
218.42960895182293
218.93767618815104
218.37621380208333
218.147794140625
218.82111381835938
217.9963611328125
218.04909820963542
217.94641306966145
217.9192394042969
217.7056821777344
217.55851637369793
218.16722742513022
217.2507109375
217.64001888020834
217.4485087402344
217.05126775716147
217.6417778483073
217.08154261067708
217.07973919270833
216.90622001953125
216.8170972981771
216.90396448567708
216.70160358072917
216.508007421875
216.69978723958334
216.37299243164063
216.29377708333334
216.36126266276042
216.24373349609374
216.06729021809895
216.3153955078125
216.3460718424479
215.92610501302084
216.3029787923177
216.0781655110677
215.77899495442708
215.9219706705729
215.66214127604167
215.48943123372396
216.32875419921876
215.69695323893228
215.75898391927083
215.55924435221354
215.2046906738281
215.18929204101562
215.458897265625
215.2009431640625
215.13645071614584
214.8154206705729
214.9720190592448
215.22828881835937
214.76219697265626
214.7187508951823
214.7149600748698
214.7720539388021
215.10717355143228
214.6311042154948
214.71331516927083
214.49360825195313
214.50635143229167
214.34541134440104
214.36225763346354
214.54622576497397
214.19805387369792
214.41429698893228
214.09847540690103
214.03139752604167
215.00963186848958
214.17989342447916
214.07820478515626
213.9778971842448
213.87903056640624
213.8435825358073
213.86132218424478
214.14226518554688
214.27351031901043
213.83595701497396
214.1116980143229
213.69091393229166
213.74504033203124
213.68276791992187
213.58385029296875
213.75255374348959
213.6118473470052
213.6408916829427
213.71218142903646
213.41782063802083
213.31162998046875
213.65993439127604
213.73245183919272
213.37056385091145
213.21350174153645
213.61414200846355
213.1830194173177
213.48398951822918
213.20281736653646
213.19548860677082
213.10850239257812
213.27288356119792
213.7648891764323
213.0979642578125
213.07903050130207
212.91025756835938
213.46343380533855
212.9473291015625
212.9167875
213.1096379720052
212.8877266438802
213.07870546875
213.0295608561198
212.78808696289062
212.72808806966145
212.9659376953125
212.9029776204427
212.75651552734374
212.5967098795573
212.75558001302085
212.90104287109375
212.8077625
212.95799418945313
212.73195229492188
212.81068995768229
212.4141027018229
212.83401051432293
212.5318037109375
212.93088611653647
212.59207915039062
212.7806267578125
212.9781810546875
212.3708821126302
212.38797228190103
212.96359790039062
212.34217425130208
213.01553984375
212.48481168619793
212.35594252929687
212.3449688313802
212.75109928385416
212.258273046875
212.51490291341145
212.54411077473958
212.23086193033853
212.338626171875
212.08044104817708
212.26636450195312
212.34194498697917
212.20189060872397
212.18381831054688
212.261626171875
212.00267853190104
212.11089750976564
212.001969140625
212.21433896484376
212.10054501953124
212.03750177408855
212.02248955078124
