897.4084033203125
558.5222789510091
427.5267829386393
378.69962025960285
358.11334833780927
348.54480133056643
340.72783381144205
334.39952758789065
328.44811462402345
324.29466918945315
320.26145721435546
316.267152150472
313.8219330851237
311.15314956665037
308.1154865519206
307.3386745707194
304.5285453796387
302.48944915771483
300.0019790649414
298.94745961507164
297.02070134480795
295.6049995422363
294.45129135131833
292.90107243855795
291.22916910807294
289.90274642944337
288.5364937845866
287.87313095092776
286.8872987874349
286.0284029642741
285.1800350443522
284.7656083170573
284.08888254801434
283.428341217041
282.4650346883138
281.94027776082356
281.0610320027669
280.13571009318036
279.67384872436526
278.6546704610189
277.78349197387695
277.1927612813314
276.6054511006673
276.2488916015625
275.4315305074056
274.40837885538735
274.5658926900228
273.78946833292645
272.0591035970052
272.616650390625
272.03953338623046
271.12222345987954
270.46455571492515
270.3457796223958
269.304831237793
269.39769592285154
268.97236907958984
269.1259836832682
267.93694849650063
267.80858540852864
267.74626256306965
267.56573506673175
266.7267557779948
267.0055531311035
266.5091859944661
266.243012898763
265.452253519694
266.0455453491211
265.2407041422526
265.33649022420246
265.04213460286456
265.2378702799479
263.93324717203774
264.7008190409342
264.0518196105957
263.6030527750651
263.4215688578288
263.53833704630534
262.50751673380535
263.0594421895345
262.54726079305016
261.9049269104004
262.31618901570636
261.80286204020183
261.8520944213867
261.6496615600586
261.3960989888509
261.1228145345052
260.81301244099933
261.21177541097006
260.8299528503418
260.62055938720704
260.5869738260905
259.91563700358074
259.86855514526366
259.8515563964844
259.96585311889646
259.23874669392904
259.52507715861003
259.18823959350584
258.8158921305339
259.00581059773765
258.9814796447754
259.041904296875
258.6633123779297
258.12473978678383
257.65390375773114
257.56919576009113
257.8083551534017
257.18535664876305
257.38798767089844
257.0403023783366
258.170861714681
257.0311444600423
256.9966246541341
257.1268428548177
256.651005859375
256.7607130432129
256.2770436096191
256.7335751342773
255.95072509765626
255.54237045288085
255.94065002441405
255.55057454427083
255.28435709635417
255.1883605448405
256.1963075256348
254.5535753885905
255.36349899291992
254.79037475585938
253.98921564737955
255.13658889770508
255.04734603881835
254.47611134847006
253.83163716634115
253.94423182169595
254.11588414510092
254.8104086303711
253.3043278503418
253.8398541768392
252.50166346232098
253.05299067179362
253.25330861409506
252.85882736206054
252.6834737141927
252.44916071573894
252.3072842915853
252.44098815917968
252.47626118977865
253.1409173075358
251.7101897684733
252.5676089477539
251.44364995320637
252.01800257364908
251.19592707316082
251.4463321940104
250.86645436604817
251.60125981648764
251.03537913004558
251.44244298299154
250.01392278035482
250.6038376871745
250.8588346862793
250.3366540527344
250.34215311686197
250.490707804362
250.45802622477214
250.59647684733073
250.15794489542643
249.97824712117514
250.47688603719075
249.12600168863932
249.51633885701497
249.4138615926107
249.37330815633138
249.11169794718424
248.48586736043293
249.50816258748372
249.5808273824056
248.75427251180014
248.29267064412434
248.6403912862142
248.21081227620442
248.5035821533203
248.67285629272462
248.65192525227866
247.7053483581543
247.9260223388672
247.70189264933268
248.1717950439453
247.89785964965822
247.38514190673828
247.59596852620442
247.88158798217773
247.9044989013672
247.49261688232423
246.674561920166
246.4520367940267
247.1315655517578
247.09547770182292
246.0954020690918
246.64703079223634
247.25813873291017
246.2584523010254
246.2082087198893
246.54395512898762
245.95529856363933
245.80810618082683
246.13014012654622
245.86908386230468
245.38142079671223
245.4875478108724
245.56555221557616
245.72738866170246
245.33313608805338
244.61712717692058
244.65552332560222
244.27444254557292
245.51591420491536
244.60211720784505
244.4391600036621
245.17264317830404
244.7389517211914
244.29063084920247
244.26978235880534
244.56220708211262
244.50504231770833
244.45135965983073
243.97967900594077
243.99220067342122
243.78828013102213
244.8121823120117
244.1392094930013
243.98740447998046
243.62729700724284
243.37061965942382
243.33921346028646
243.37256978352863
243.19361567179362
242.56682490030926
243.0806396484375
242.6391997273763
241.87951446533202
242.64834569295246
242.52307118733725
242.38328196207684
241.95258829752603
242.19063720703124
241.8438114929199
241.98991373697916
241.91759302775066
241.51819727579752
242.044736328125
241.77237620035808
241.95396581013998
242.31326736450194
241.5609772237142
241.7010171508789
241.55011901855468
241.0325092569987
241.24300633748373
241.40891611735026
240.11386571248372
241.13565256754558
240.6990089416504
240.7675018310547
241.297493947347
240.29495005289712
240.56106740315755
240.01816563924154
240.81719131469725
240.63858830769857
240.56022028605142
240.09304784138996
240.0486965942383
240.37686686197915
239.180737508138
239.10135375976563
239.13841349283854
239.40442952473958
239.95189712524413
238.8374058532715
239.3570354715983
239.85218688964844
239.93729670206704
239.0225515238444
239.7632014465332
239.35050282796223
239.08587682088216
238.79121627807618
239.08245244344076
238.558334757487
238.1985319519043
239.035966796875
238.68836715698242
238.17152796427408
238.47669606526694
238.67761149088543
238.6634792582194
237.38701212565104
