829.7046691894532
434.6586709798177
364.05499772135414
340.47647611490885
325.26669567871096
315.98259220377605
308.17870751953126
301.9877333577474
296.1502998860677
292.63517342122395
288.1635568847656
284.9952428385417
281.00247428385416
275.4128041585287
272.5311612548828
270.78652775065103
268.01437239583333
266.8134056803385
265.5077017008463
264.668233601888
262.53712133789065
261.91691255696617
260.42297863769534
258.6253505045573
258.0273105061849
256.6125556640625
256.1471931966146
255.07945157877603
253.7287694905599
252.45220943196614
252.0037979736328
251.32365958658855
250.49463016764324
250.1697733561198
249.86539095052083
249.45611173502604
248.98691052246093
248.40983158365884
248.13052034505208
247.63095943196615
247.15907397460938
246.62337577311197
246.6307391764323
246.08154044596355
245.8864266357422
245.07520288085936
245.36936385091147
244.59908223470052
244.48978877766928
244.38446317545572
243.91586653645834
244.10514001464844
243.3256094970703
243.26886267089844
242.60185766601563
242.41980354817707
242.34030436197918
242.0830967610677
241.5384315185547
241.79175911458333
241.1802176106771
241.0326611328125
241.01253666178386
240.5983593343099
240.2408612060547
240.2501044921875
240.2446583658854
239.6112442220052
239.74099438476563
239.47053902180988
239.33965657552082
239.3036650797526
238.73281424967448
238.74052591959637
238.2392100423177
238.42602880859374
238.50713313802083
238.4604353841146
237.8856631266276
237.6450018717448
237.4106834309896
