498.1957136393229
325.22826139322916
294.03791888020834
278.8834145833333
269.48942522786456
262.75959407552085
257.9082557291667
254.18099166666667
251.2813859049479
248.76428974609374
246.75061975911458
245.14464749348957
243.69289352213542
242.35901217447918
241.24847643229165
239.97546220703126
239.31686048177085
238.22143017578125
237.40995703125
236.8086207356771
236.13611337890626
235.3455484375
234.9667375325521
234.22719877929688
233.68724381510415
233.290198828125
232.74180133463543
232.30828486328124
231.87770166015625
231.46422057291667
231.03621761067708
230.64286529947915
230.24942333984376
230.01680364583333
229.55275608723957
229.1560992513021
228.96305432942708
228.69827470703126
228.29892024739584
228.06308326822918
227.5964738606771
227.39865755208334
227.11877981770834
226.82310055338542
226.67555166015626
226.56036526692708
226.13045065104166
225.86635602213542
225.545453125
225.35691083984375
225.19176028645833
225.06353701171875
224.81848662109374
224.48097019856772
224.2950008138021
224.0750273111979
224.0732174967448
223.7702170247396
223.57270387369792
223.32609658203125
223.09786764322916
223.0411853515625
222.86730608723957
222.64797078450522
222.42424303385417
222.5096553873698
222.01659928385416
221.84947755533855
221.721788671875
221.73786123046875
221.4122931640625
221.52192252604166
221.10774300130208
220.98439720052085
220.83443212890626
221.20708494466146
221.19845060221354
220.43830424804688
220.07915364583334
220.0701127278646
220.08564887695312
219.9908015625
219.7637039876302
219.70777770182292
219.68058203125
219.71796782226562
219.33567106119793
219.26566715494792
219.39668673502604
219.36702034505208
219.02573720703126
218.90918779296874
218.96523196614584
218.80004907226564
218.67799786783854
218.658022265625
218.74552306315104
218.94927892252605
218.28401943359376
218.52884498697918
218.33067486979166
218.2664454752604
218.5379177408854
218.1146464355469
217.84785805664063
217.8858891764323
217.81685541992186
217.6702635091146
217.7485890625
217.63185607096355
217.51409103190105
217.70345716145835
217.25242568359374
217.46372543945313
217.37233307291666
217.20546103515625
217.15790358072917
216.81761049804686
217.15709516601564
216.76795901692708
216.911943359375
216.97479345703124
216.88509571940105
216.69094189453125
216.64504584960937
216.7698936035156
216.5592763997396
216.33223553059895
216.2152018717448
216.29763059895834
216.29243463541667
216.17450986328126
216.013944140625
216.28140099283854
216.53250104166668
215.99963795572916
215.8484020670573
216.01494119466145
215.74956404622395
215.69873264973958
215.6553355794271
216.0490723795573
215.6065826171875
215.59247705078124
215.56320994466145
215.52630903320312
215.45936642252605
215.47392900390625
215.4341740234375
215.65449428710937
215.2909549641927
215.40336416015626
215.92838111979168
215.12261417643228
214.8803541015625
215.1149474121094
215.37466095377604
214.96699116210937
215.05890970052084
215.0352161783854
214.80842465820314
214.66444700520833
215.09776557617187
214.44825201822917
214.85115283203126
214.60969462890625
214.5650033691406
214.49699851888022
214.41619236653645
214.5809361653646
214.78463072916668
214.4087442545573
214.3496764811198
214.2659671875
214.1401570638021
214.0754979654948
214.64067356770835
214.37977711588542
214.57894724934897
214.0332084309896
214.16992779947915
214.06947596028647
213.66018019205728
214.06114928385418
214.07219664713543
214.12893479817708
213.86811313476562
213.8014785970052
213.7481755533854
213.80978756510416
213.6877755371094
213.595476171875
213.71930180664063
213.3950445638021
213.7424075358073
213.9382837076823
213.5704410481771
213.8882316080729
213.57477124023438
213.7307344075521
213.41880489908854
213.25992877604168
213.8064948404948
213.1155869954427
213.17701196289062
213.38223229166667
213.10241175130207
213.01952467447916
213.2937658528646
212.95685659179688
213.15461217447915
212.8067185546875
213.14614711914064
213.20188557942708
213.1243684407552
213.03131910807292
213.0927387044271
212.65494765625
212.53894464518228
213.1463885091146
212.88059969075522
212.665654296875
212.82489586588542
212.82695431315105
212.64641424153646
212.43105245768228
212.84815888671875
212.75288629557292
212.44625934244792
